199775
23392
251030
305227
202033
80802
274615
220692
21309
12989
46352
307491
164053
144223
274358
573
298079
33689
287144
164244
52508
195017
64762
56148
28260
91675
205543
37910
290553
175411
73620
125475
106099
136746
8406
55902
269256
88913
37916
194547
54334
299821
178177
276675
108711
280837
84724
74153
208092
264811
181249
140710
103710
15917
171467
12337
302369
251192
42614
81125
160846
166883
74736
149343
112647
192438
149952
134076
303757
56134
108298
201663
94931
90517
118142
7387
300063
125403
25617
79133
11202
111869
37140
233206
79112
254611
206666
115043
92779
268367
23450
248980
248463
174410
310669
276060
137576
201564
71570
27263
217073
172121
39275
130917
280896
6736
293220
88075
58157
65369
278485
195493
264234
268782
80056
29571
244334
296551
77180
187569
191201
55401
200583
46882
156238
216012
75316
218733
75020
6370
281520
22016
294397
14175
138882
174171
172183
209572
41222
134164
210868
185752
235340
118196
83985
187172
210604
154916
115688
122033
105912
16049
43497
69357
10200
193675
108939
127568
135177
88481
87944
70798
293841
286937
103844
186167
11324
46905
3570
3335
108877
310302
152250
206419
286461
86738
126506
248446
173634
141796
69394
65500
224020
101444
58211
153413
141829
298654
133042
201720
115991
49001
264620
260432
258978
28767
172773
74744
218727
171370
131580
126635
302398
74429
150923
240950
123194
17546
156566
291659
309738
108285
308801
62071
257231
118252
157243
86860
267482
288249
286213
121131
238535
246606
262912
245819
295823
308384
231669
306719
6449
137003
267253
146047
91151
68248
16673
304187
306410
191491
169864
149068
250029
23399
69746
251416
297722
276738
80690
97610
106070
93770
180916
11724
92840
54961
292374
258037
248628
249155
291857
100136
163552
289041
29165
264391
309071
230331
292434
188809
250923
309875
131725
46663
27367
77221
37941
85568
59831
142825
250575
187509
237529
253304
106624
272143
218355
53466
101889